[runways]
08l = 21.32527257575763, -157.94329647062642, 21.32519147342708, -157.90754768702627, 23
26r = 21.32519147342708, -157.90754768702627, 21.32527257575763, -157.94329647062642, 42
08r = 21.306815873409878, -157.94688410321348, 21.30673498353961, -157.90997734639328, 0
22l = 21.32856509867834, -157.90631805110223, 21.31413287707554, -157.92693935871247, 26

other_rw = 21.30097904974541, -158.062541402855, 21.311733440112587, -158.0839569355722, 3

[settings]
takeoff_runway = 08r
landing_runway = 26r
takeoffspeed = 60.0
prelanding_speed = 90.0
targetspeed = 120.0
targetalt = 600
landingalt = 20.0
landing_speed = 60.0
landingpitch = 7.0
landingclimb = -0.1
dropspeed_ground_alt = 5.0
glissadealt = 600.0
glissadespeed = 70.0
engine_on_rpm = 100
turnbank = 30
turn_headingdelta = 3
level_distancedelta = 60

[flight]
program = to_runway
